#nodos de la red - 1000 es el nodo origen
set Nodos:= 1000 1 2 3 4 5 6 7 8 9 10 11 12 13 14 15 16 17 18 19 20 21 22 23 24 25 26 27 28 29 30 31 32 33 34 35 36 37 38 39 40 41 42 43 44 45 46 47 48 49 50 51 52 53 54 55 ;
#predios productores
set I:= 1 2 3 4 5 6 7 8 9 10 11 12 13 14 15 16 17 18 19 20 21 22 23 24 25 26 27 28 29 30 31 32 33 34 35 36 37 38 39 40 41 42 43 44 45 46 47 48 49 50 51 52 53 54 55 ;
#camiones disponibles
set K:= 1 2 3 4 5 6 7;
#capacidades
param Q:=
1 15000
2 15000
3 15000
4 20000
5 30000
6 15000
7 25000
;
#cantidad minima a recolectar
param P:=
127614.5
;
#produccion de cada predio
param qu :=
1000 0
1 1407
2 3264
3 7807
4 5038
5 5019
6 1876
7 5289
8 3065
9 3233
10 19932
11 7395
12 3334
13 6851
14 2342
15 6345
16 2508
17 1348
18 3595
19 8231
20 7612
21 356
22 2167
23 3419
24 393
25 3722
26 9391
27 7026
28 6779
29 2403
30 3520
31 780
32 5568
33 8621
34 6296
35 3370
36 3967
37 2449
38 9773
39 1738
40 2961
41 1995
42 735
43 6971
44 1478
45 5050
46 4798
47 1115
48 10000
49 9318
50 2433
51 4816
52 3848
53 4453
54 7240
55 789
;
#costos de transporte
param c[*,*]
:
1000 1 2 3 4 5 6 7 8 9 10 11 12 13 14 15 16 17 18 19 20 21 22 23 24 25 26 27 28 29 30 31 32 33 34 35 36 37 38 39 40 41 42 43 44 45 46 47 48 49 50 51 52 53 54 55 :=
1000 0 52 27 44 47 23 56 64 40 24 50 68 59 20 33 24 49 40 61 44 30 42 43 69 51 21 73 72 42 35 37 52 79 98 45 63 5 21 39 17 44 44 54 38 89 45 40 17 81 67 39 30 56 24 44 46 
1 52 0 45 62 12 34 72 80 57 34 67 52 76 37 70 34 86 56 15 81 30 60 17 86 69 39 89 88 58 72 53 69 27 95 82 79 48 39 56 40 81 15 91 75 107 13 56 40 29 15 57 48 4 42 61 62 
2 27 45 0 18 39 16 31 50 26 17 24 60 45 9 44 16 60 26 53 55 23 16 35 43 24 5 47 46 28 47 22 27 71 90 57 37 22 5 25 15 56 37 66 49 62 38 26 14 74 60 12 4 49 6 30 32 
3 44 62 18 0 57 33 18 41 35 34 12 78 33 26 62 34 78 35 71 73 40 13 53 31 22 23 34 33 37 65 32 15 89 108 74 24 40 23 34 33 73 55 83 67 60 55 21 32 91 78 10 14 66 24 39 41 
4 47 12 39 57 0 28 67 75 51 29 61 40 70 31 64 28 80 51 24 75 18 55 11 80 63 34 84 83 53 67 47 63 35 83 77 73 42 34 50 35 76 12 86 69 101 1 51 34 37 23 51 43 10 37 55 57 
5 23 34 16 33 28 0 43 52 28 1 38 49 47 8 41 1 57 27 42 52 12 31 24 57 40 10 60 59 29 43 24 40 60 79 53 50 19 10 27 11 52 26 62 46 78 27 27 11 62 49 28 19 37 13 32 33 
6 56 72 31 18 67 43 0 31 45 44 6 88 14 36 74 44 90 45 81 85 50 26 63 23 30 36 27 25 47 76 41 4 99 118 86 16 51 36 44 44 85 65 95 79 56 65 16 44 101 87 23 27 76 36 49 51 
7 64 80 50 41 75 52 31 0 53 52 30 96 34 44 82 52 98 53 89 93 58 49 71 46 54 46 50 49 55 84 50 27 107 126 94 40 59 47 52 52 93 73 103 87 79 74 24 52 109 96 46 50 84 45 57 59 
8 40 57 26 35 51 28 45 53 0 29 39 72 48 20 58 28 74 15 65 69 35 42 47 58 50 22 62 61 17 61 4 41 83 102 70 52 36 23 15 29 69 49 79 63 88 50 29 28 86 72 38 30 61 21 20 22 
9 24 34 17 34 29 1 44 52 29 0 39 50 47 9 42 0 58 28 43 53 12 32 25 58 41 11 61 60 30 44 25 41 61 80 54 51 19 11 28 12 53 27 63 47 79 28 28 12 63 50 29 20 38 14 32 34 
10 50 67 24 12 61 38 6 30 39 39 0 82 21 30 68 38 84 39 75 79 45 20 57 19 26 30 23 22 41 71 36 3 93 112 80 12 46 30 38 39 79 59 90 73 52 60 15 38 96 82 17 21 71 31 43 45 
11 68 52 60 78 40 49 88 96 72 50 82 0 91 52 85 50 102 72 62 96 39 76 36 101 85 55 105 104 73 88 69 84 62 66 98 95 63 55 71 56 97 38 107 90 122 39 72 55 50 64 73 64 50 58 75 69 
12 59 76 45 33 70 47 14 34 48 47 21 91 0 39 77 47 93 48 84 88 54 41 66 37 45 41 41 40 50 79 45 18 102 121 89 31 55 42 47 47 88 68 98 82 59 69 19 47 104 91 37 42 79 40 52 54 
13 20 37 9 26 31 8 36 44 20 9 30 52 39 0 38 8 54 20 45 49 15 25 27 49 34 4 53 52 22 40 16 32 63 82 50 42 16 4 19 8 49 29 59 43 72 30 20 8 65 52 22 13 40 7 24 26 
14 33 70 44 62 64 41 74 82 58 42 68 85 77 38 0 41 19 57 78 14 48 60 60 87 69 39 91 90 60 9 54 70 96 115 15 80 28 39 57 35 14 62 24 11 106 63 58 34 99 85 57 48 74 42 62 64 
15 24 34 16 34 28 1 44 52 28 0 38 50 47 8 41 0 58 28 43 52 12 32 25 57 41 11 61 60 30 44 25 40 61 80 54 51 19 11 27 12 53 26 63 46 78 27 28 11 63 49 29 20 38 14 32 34 
16 49 86 60 78 80 57 90 98 74 58 84 102 93 54 19 58 0 74 95 21 64 76 77 103 85 55 107 106 76 25 71 86 113 131 5 97 44 55 73 51 21 78 10 24 123 79 74 51 115 101 73 64 90 58 78 80 
17 40 56 26 35 51 27 45 53 15 28 39 72 48 20 57 28 74 0 65 69 34 41 47 58 50 22 62 61 10 60 12 41 83 102 70 51 35 22 8 28 69 49 79 62 88 49 29 28 85 71 38 29 60 20 12 14 
18 61 15 53 71 24 42 81 89 65 43 75 62 84 45 78 43 95 65 0 90 40 69 26 94 78 48 98 97 67 81 62 77 35 105 91 88 56 48 64 49 90 24 100 83 116 25 65 49 38 24 66 57 16 51 69 71 
19 44 81 55 73 75 52 85 93 69 53 79 96 88 49 14 52 21 69 90 0 59 71 72 98 80 50 102 101 71 10 65 81 107 126 17 91 39 50 68 46 3 73 26 8 118 74 69 45 110 96 68 59 85 53 73 75 
20 30 30 23 40 18 12 50 58 35 12 45 39 54 15 48 12 64 34 40 59 0 38 14 64 47 17 67 66 36 50 31 47 53 71 60 57 25 17 34 18 59 16 69 53 85 16 34 18 55 41 35 26 28 20 39 40 
21 42 60 16 13 55 31 26 49 42 32 20 76 41 25 60 32 76 41 69 71 38 0 51 39 9 21 42 41 43 62 38 23 87 106 72 32 37 21 41 30 71 53 81 65 47 53 29 30 89 75 3 12 64 22 45 47 
22 43 17 35 53 11 24 63 71 47 25 57 36 66 27 60 25 77 47 26 72 14 51 0 76 60 30 80 79 49 63 44 59 43 80 73 70 38 30 46 31 72 2 82 65 98 9 47 31 46 32 48 39 21 33 51 53 
23 69 86 43 31 80 57 23 46 58 58 19 101 37 49 87 57 103 58 94 98 64 39 76 0 37 49 4 3 60 90 55 19 112 131 99 7 65 49 57 58 98 78 108 92 63 79 31 57 115 101 35 40 90 50 62 64 
24 51 69 24 22 63 40 30 54 50 41 26 85 45 34 69 41 85 50 78 80 47 9 60 37 0 30 41 40 52 71 47 27 96 115 81 30 46 30 49 39 80 61 90 74 38 62 38 39 98 84 12 21 73 31 54 56 
25 21 39 5 23 34 10 36 46 22 11 30 55 41 4 39 11 55 22 48 50 17 21 30 49 30 0 52 51 24 42 19 32 66 85 51 42 17 0 21 10 50 32 60 44 67 32 22 9 68 55 18 9 43 3 26 28 
26 73 89 47 34 84 60 27 50 62 61 23 105 41 53 91 61 107 62 98 102 67 42 80 4 41 52 0 1 64 93 58 23 116 135 103 10 68 52 61 61 102 82 112 96 66 82 35 61 118 104 39 43 93 53 66 68 
27 72 88 46 33 83 59 25 49 61 60 22 104 40 52 90 60 106 61 97 101 66 41 79 3 40 51 1 0 63 92 57 22 115 134 102 9 67 51 60 60 101 81 111 94 65 81 34 60 117 103 38 42 92 52 65 67 
28 42 58 28 37 53 29 47 55 17 30 41 73 50 22 60 30 76 10 67 71 36 43 49 60 52 24 64 63 0 62 14 43 85 95 72 53 37 24 3 30 71 51 81 65 90 51 31 30 87 73 40 31 62 22 2 6 
29 35 72 47 65 67 43 76 84 61 44 71 88 79 40 9 44 25 60 81 10 50 62 63 90 71 42 93 92 62 0 57 73 99 118 21 83 31 41 60 37 11 65 31 2 109 65 60 37 101 88 59 50 76 44 64 66 
30 37 53 22 32 47 24 41 50 4 25 36 69 45 16 54 25 71 12 62 65 31 38 44 55 47 19 58 57 14 57 0 38 80 98 67 48 32 19 11 25 66 45 76 59 85 46 26 24 82 68 35 26 57 17 16 18 
31 52 69 27 15 63 40 4 27 41 41 3 84 18 32 70 40 86 41 77 81 47 23 59 19 27 32 23 22 43 73 38 0 95 114 82 13 48 33 40 41 81 61 91 75 52 62 12 40 98 84 19 24 73 33 45 47 
32 79 27 71 89 35 60 99 107 83 61 93 62 102 63 96 61 113 83 35 107 53 87 43 112 96 66 116 115 85 99 80 95 0 112 109 106 74 66 82 67 108 42 118 101 133 36 83 66 22 22 84 75 27 69 87 89 
33 98 95 90 108 83 79 118 126 102 80 112 66 121 82 115 80 131 102 105 126 71 106 80 131 115 85 135 134 95 118 98 114 112 0 128 124 93 85 96 86 127 81 137 120 152 82 102 85 99 107 102 94 94 88 98 91 
34 45 82 57 74 77 53 86 94 70 54 80 98 89 50 15 54 5 70 91 17 60 72 73 99 81 51 103 102 72 21 67 82 109 128 0 93 41 51 69 47 17 74 11 20 119 75 70 47 111 97 69 60 86 54 74 76 
35 63 79 37 24 73 50 16 40 52 51 12 95 31 42 80 51 97 51 88 91 57 32 70 7 30 42 10 9 53 83 48 13 106 124 93 0 58 42 51 51 92 71 102 85 56 72 25 50 108 94 29 33 83 43 56 58 
36 5 48 22 40 42 19 51 59 36 19 46 63 55 16 28 19 44 35 56 39 25 37 38 65 46 17 68 67 37 31 32 48 74 93 41 58 0 16 35 13 40 40 50 33 84 41 35 12 76 63 34 26 51 19 40 41 
37 21 39 5 23 34 10 36 47 23 11 30 55 42 4 39 11 55 22 48 50 17 21 30 49 30 0 52 51 24 41 19 33 66 85 51 42 16 0 22 9 50 31 60 44 68 32 22 9 68 54 18 9 43 3 27 28 
38 39 56 25 34 50 27 44 52 15 28 38 71 47 19 57 27 73 8 64 68 34 41 46 57 49 21 61 60 3 60 11 40 82 96 69 51 35 22 0 28 68 48 78 62 87 49 28 27 85 71 37 29 60 20 5 7 
39 17 40 15 33 35 11 44 52 29 12 39 56 47 8 35 12 51 28 49 46 18 30 31 58 39 10 61 60 30 37 25 41 67 86 47 51 13 9 28 0 46 33 56 40 77 33 28 1 69 56 27 18 44 12 32 34 
40 44 81 56 73 76 52 85 93 69 53 79 97 88 49 14 53 21 69 90 3 59 71 72 98 80 50 102 101 71 11 66 81 108 127 17 92 40 50 68 46 0 74 27 8 118 74 69 46 110 96 68 59 85 53 73 75 
41 44 15 37 55 12 26 65 73 49 27 59 38 68 29 62 26 78 49 24 73 16 53 2 78 61 32 82 81 51 65 45 61 42 81 74 71 40 31 48 33 74 0 84 67 99 11 49 32 44 30 49 41 19 35 53 55 
42 54 91 66 83 86 62 95 103 79 63 90 107 98 59 24 63 10 79 100 26 69 81 82 108 90 60 112 111 81 31 76 91 118 137 11 102 50 60 78 56 27 84 0 29 128 84 79 56 120 106 78 69 95 63 83 85 
43 38 75 49 67 69 46 79 87 63 47 73 90 82 43 11 46 24 62 83 8 53 65 65 92 74 44 96 94 65 2 59 75 101 120 20 85 33 44 62 40 8 67 29 0 111 68 63 39 104 90 61 53 79 47 67 69 
44 89 107 62 60 101 78 56 79 88 79 52 122 59 72 106 78 123 88 116 118 85 47 98 63 38 67 66 65 90 109 85 52 133 152 119 56 84 68 87 77 118 99 128 111 0 100 64 76 136 122 50 59 111 69 92 94 
45 45 13 38 55 1 27 65 74 50 28 60 39 69 30 63 27 79 49 25 74 16 53 9 79 62 32 82 81 51 65 46 62 36 82 75 72 41 32 49 33 74 11 84 68 100 0 49 33 39 25 50 41 12 35 54 55 
46 40 56 26 21 51 27 16 24 29 28 15 72 19 20 58 28 74 29 65 69 34 29 47 31 38 22 35 34 31 60 26 12 83 102 70 25 35 22 28 28 69 49 79 63 64 49 0 28 85 72 26 29 60 20 33 35 
47 17 40 14 32 34 11 44 52 28 12 38 55 47 8 34 11 51 28 49 45 18 30 31 57 39 9 61 60 30 37 24 40 66 85 47 50 12 9 27 1 46 32 56 39 76 33 28 0 69 55 27 18 44 12 32 34 
48 81 29 74 91 37 62 101 109 86 63 96 50 104 65 99 63 115 85 38 110 55 89 46 115 98 68 118 117 87 101 82 98 22 99 111 108 76 68 85 69 110 44 120 104 136 39 85 69 0 24 86 77 29 71 89 91 
49 67 15 60 78 23 49 87 96 72 50 82 64 91 52 85 49 101 71 24 96 41 75 32 101 84 55 104 103 73 88 68 84 22 107 97 94 63 54 71 56 96 30 106 90 122 25 72 55 24 0 72 63 16 57 76 78 
50 39 57 12 10 51 28 23 46 38 29 17 73 37 22 57 29 73 38 66 68 35 3 48 35 12 18 39 38 40 59 35 19 84 102 69 29 34 18 37 27 68 49 78 61 50 50 26 27 86 72 0 9 61 19 42 44 
51 30 48 4 14 43 19 27 50 30 20 21 64 42 13 48 20 64 29 57 59 26 12 39 40 21 9 43 42 31 50 26 24 75 94 60 33 26 9 29 18 59 41 69 53 59 41 29 18 77 63 9 0 52 10 34 35 
52 56 4 49 66 10 37 76 84 61 38 71 50 79 40 74 38 90 60 16 85 28 64 21 90 73 43 93 92 62 76 57 73 27 94 86 83 51 43 60 44 85 19 95 79 111 12 60 44 29 16 61 52 0 46 64 66 
53 24 42 6 24 37 13 36 45 21 14 31 58 40 7 42 14 58 20 51 53 20 22 33 50 31 3 53 52 22 44 17 33 69 88 54 43 19 3 20 12 53 35 63 47 69 35 20 12 71 57 19 10 46 0 25 27 
54 44 61 30 39 55 32 49 57 20 32 43 75 52 24 62 32 78 12 69 73 39 45 51 62 54 26 66 65 2 64 16 45 87 98 74 56 40 27 5 32 73 53 83 67 92 54 33 32 89 76 42 34 64 25 0 8 
55 46 62 32 41 57 33 51 59 22 34 45 69 54 26 64 34 80 14 71 75 40 47 53 64 56 28 68 67 6 66 18 47 89 91 76 58 41 28 7 34 75 55 85 69 94 55 35 34 91 78 44 35 66 27 8 0 
;
