instancia1 41 4 262 0
instancia2 41 4 299 0
instancia3 41 5 663 0
instancia4 41 5 299 0
instancia5 41 6 299 0
instancia6 41 6 659 0
instancia7 41 7 659 0
instancia8 41 8 659 0
instancia9 41 5 663 0
instancia10 501 61 1179 0.181537
instancia11 501 61 1179 0.303188
instancia12 501 31 1179 0.1875
instancia13 128 13 585 0.009972
instancia14 143 11 394 0.01097
instancia15 143 12 575 0.014957
instancia16 32 5 472 0.002993
instancia17 57 9 377 0.003989
instancia18 128 13 616 0.012966
instancia19 144 12 487 0.015957
instancia20 142 12 480 0.015958
instancia21 32 5 440 0.000998
instancia22 56 8 374 0.002991
