instancia1 41 4 262 0
instancia2 41 4 299 0.018016
instancia3 41 5 663 0.002993
instancia4 41 5 299 0.002993
instancia5 41 6 299 0.002992
instancia6 41 6 659 0.002991
instancia7 41 7 659 0.001994
instancia8 41 8 659 0.002992
instancia9 41 5 663 0
instancia10 501 61 1179 0.359291
instancia11 501 61 1179 0.197016
instancia12 501 31 1179 0.219412
instancia13 128 13 585 0.013961
instancia14 143 11 394 0.016957
instancia15 143 12 575 0.016536
instancia16 32 5 472 0
instancia17 57 9 377 0.015621
instancia18 128 13 616 0.015623
instancia19 144 12 487 0.01562
instancia20 142 12 480 0.031244
instancia21 32 5 440 0
instancia22 56 8 374 0.015621
