instancia1 41 4 262 0.001994
instancia2 41 4 299 0.002989
instancia3 41 5 663 0.001995
instancia4 41 5 299 0.001996
instancia5 41 6 299 0.001995
instancia6 41 6 659 0.001995
instancia7 41 7 659 0.001994
instancia8 41 8 659 0.000997
instancia9 41 5 663 0.000998
instancia10 501 61 1179 0.181221
instancia11 501 61 1179 0.179771
instancia12 501 31 1179 0.152978
instancia13 128 13 585 0
instancia14 143 11 394 0.015621
instancia15 143 12 575 0.015621
instancia16 32 5 472 0
instancia17 57 9 377 0
instancia18 128 13 616 0.015621
instancia19 144 12 487 0.015622
instancia20 142 12 480 0
instancia21 32 5 440 0
instancia22 56 8 374 0
