instancia1 41 4 262 0
instancia2 41 4 299 0
instancia3 41 5 663 0.016722
instancia4 41 5 299 0.003989
instancia5 41 6 299 0.001996
instancia6 41 6 659 0.002992
instancia7 41 7 659 0.003989
instancia8 41 8 659 0
instancia9 41 5 663 0
instancia10 501 61 1179 0.203077
instancia11 501 61 1179 0.171836
instancia12 501 31 1179 0.153841
instancia13 128 13 585 0.007978
instancia14 143 11 394 0.010968
instancia15 143 12 575 0.01097
instancia16 32 5 472 0.001994
instancia17 57 9 377 0.00299
instancia18 128 13 616 0.009973
instancia19 144 12 487 0.009973
instancia20 142 12 480 0.010971
instancia21 32 5 440 0.001995
instancia22 56 8 374 0.001993
