instancia1 41 4 384 0.001992
instancia2 41 4 394 0.001993
instancia3 41 5 1206 0.001994
instancia4 41 5 520 0.002991
instancia5 41 6 728 0.002991
instancia6 41 6 1235 0.002991
instancia7 41 7 1325 0.002992
instancia8 41 8 1462 0.002992
instancia9 41 5 1119 0.001995
instancia10 501 61 3001 0.232075
instancia11 501 61 3001 0.156211
instancia12 501 31 3001 0.125
instancia13 128 13 1568 0.009973
instancia14 143 11 1044 0.00997
instancia15 143 12 1459 0.011967
instancia16 32 5 781 0.000997
instancia17 57 9 577 0.001995
instancia18 128 13 1670 0.007977
instancia19 144 12 1090 0.009972
instancia20 142 12 1202 0.001054
instancia21 32 5 695 0
instancia22 56 8 593 0
