instancia1 41 4 236 0
instancia2 41 4 639 0
instancia3 41 5 1075 0
instancia4 41 5 761 0
instancia5 41 6 402 0
instancia6 41 6 576 0
instancia7 41 7 554 0.015622
instancia8 41 8 554 0
instancia9 41 5 1053 0
instancia10 501 61 903 0.20672
instancia11 501 61 903 0.170186
instancia12 501 31 903 0.177375
instancia13 128 13 666 0.01097
instancia14 143 11 354 0.011965
instancia15 143 12 561 0.011967
instancia16 32 5 397 0.000998
instancia17 57 9 325 0.002991
instancia18 128 13 608 0.012966
instancia19 144 12 387 0.017951
instancia20 142 12 624 0.014959
instancia21 32 5 399 0.005984
instancia22 56 8 358 0.002992
