instancia1 41 4 236 0.013963
instancia2 41 4 502 0.01197
instancia3 41 5 593 0.00698
instancia4 41 5 761 0.011969
instancia5 41 6 761 0.007978
instancia6 41 6 1198 0.005984
instancia7 41 7 1149 0.005984
instancia8 41 8 1149 0.005984
instancia9 41 5 593 0.005984
instancia10 501 61 903 0.267804
instancia11 501 61 903 0.22041
instancia12 501 31 903 0.214428
instancia13 128 13 666 0.045877
instancia14 143 11 354 0.020944
instancia15 143 12 553 0.017952
instancia16 32 5 451 0.009974
instancia17 57 9 325 0.01496
instancia18 128 13 608 0.013962
instancia19 144 12 426 0.022939
instancia20 142 12 613 0.033909
instancia21 32 5 399 0.009974
instancia22 56 8 362 0.009972
