instancia1 41 4 236 0.001994
instancia2 41 4 639 0.001514
instancia3 41 5 1053 0.000992
instancia4 41 5 761 0.000997
instancia5 41 6 402 0.000997
instancia6 41 6 1053 0.007979
instancia7 41 7 554 0.001995
instancia8 41 8 1149 0.000997
instancia9 41 5 1053 0.001993
instancia10 501 61 1027 0.27927
instancia11 501 61 1027 0.302192
instancia12 501 31 1027 0.218417
instancia13 128 13 601 0.018951
instancia14 143 11 354 0.02194
instancia15 143 12 553 0.02194
instancia16 32 5 397 0.000998
instancia17 57 9 325 0.002991
instancia18 128 13 608 0.033911
instancia19 144 12 431 0.012964
instancia20 142 12 598 0.01895
instancia21 32 5 424 0.000997
instancia22 56 8 336 0.000998
