instancia1 41 4 236 0.001995
instancia2 41 4 502 0.002992
instancia3 41 5 593 0.000997
instancia4 41 5 761 0.001994
instancia5 41 6 761 0.00798
instancia6 41 6 1198 0.001995
instancia7 41 7 1149 0.000997
instancia8 41 8 554 0.000996
instancia9 41 5 593 0.001997
instancia10 501 61 903 0.268279
instancia11 501 61 903 0.248368
instancia12 501 31 903 0.229359
instancia13 128 13 666 0.02294
instancia14 143 11 354 0.017951
instancia15 143 12 561 0.028438
instancia16 32 5 451 0.000998
instancia17 57 9 325 0.002992
instancia18 128 13 608 0.023936
instancia19 144 12 426 0.015957
instancia20 142 12 624 0.057361
instancia21 32 5 399 0.009974
instancia22 56 8 362 0.019947
