instancia1 41 4 236 0.000997
instancia2 41 4 639 0.001994
instancia3 41 5 1075 0.005984
instancia4 41 5 761 0.002992
instancia5 41 6 402 0.000996
instancia6 41 6 576 0.003989
instancia7 41 7 554 0.001993
instancia8 41 8 554 0.001994
instancia9 41 5 1053 0.003989
instancia10 501 61 1027 0.232379
instancia11 501 61 1027 0.2992
instancia12 501 31 1027 0.159989
instancia13 128 13 601 0.015957
instancia14 143 11 354 0.038897
instancia15 143 12 561 0.013962
instancia16 32 5 397 0.001994
instancia17 57 9 325 0.002992
instancia18 128 13 608 0.009973
instancia19 144 12 387 0.016953
instancia20 142 12 624 0.013962
instancia21 32 5 399 0.001994
instancia22 56 8 358 0.001996
