instancia1 41 4 236 0.000997
instancia2 41 4 639 0.000998
instancia3 41 5 1053 0.000997
instancia4 41 5 761 0.000997
instancia5 41 6 402 0.000998
instancia6 41 6 1053 0.000997
instancia7 41 7 554 0.000997
instancia8 41 8 1149 0.008977
instancia9 41 5 1053 0.000998
instancia10 501 61 1027 0.289225
instancia11 501 61 1027 0.317151
instancia12 501 31 1027 0.205454
instancia13 128 13 601 0.009974
instancia14 143 11 354 0.061834
instancia15 143 12 553 0.02992
instancia16 32 5 397 0.000997
instancia17 57 9 325 0.002993
instancia18 128 13 608 0.022938
instancia19 144 12 387 0.071686
instancia20 142 12 598 0.018949
instancia21 32 5 399 0
instancia22 56 8 358 0.002992
