instancia1 41 4 236 0.000199101
instancia2 41 4 639 0.000205942
instancia3 41 5 1075 0.000198624
instancia4 41 5 761 0.000193172
instancia5 41 6 402 0.000208209
instancia6 41 6 576 0.00021133
instancia7 41 7 554 0.000212551
instancia8 41 8 554 0.000220095
instancia9 41 5 1053 0.000199997
instancia10 501 61 1027 0.064534
instancia11 501 61 1027 0.0644693
instancia12 501 31 1027 0.0419076
instancia13 128 13 666 0.00191003
instancia14 143 11 354 0.0021354
instancia15 143 12 561 0.00221381
instancia16 32 5 397 0.000133531
instancia17 57 9 325 0.000394449
instancia18 128 13 608 0.00191203
instancia19 144 12 387 0.00210615
instancia20 142 12 624 0.00215338
instancia21 32 5 399 0.000134376
instancia22 56 8 358 0.000371357
