instancia1 41 4 236 0.000305712
instancia2 41 4 639 0.000262502
instancia3 41 5 1075 0.000244828
instancia4 41 5 761 0.000327309
instancia5 41 6 402 0.000353171
instancia6 41 6 576 0.000377906
instancia7 41 7 554 0.000302241
instancia8 41 8 1149 0.000289615
instancia9 41 5 1053 0.000334495
instancia10 501 61 1027 0.0643379
instancia11 501 61 1027 0.0645578
instancia12 501 31 1027 0.0418523
instancia13 128 13 601 0.00183487
instancia14 143 11 354 0.00215351
instancia15 143 12 553 0.00219411
instancia16 32 5 397 0.000124984
instancia17 57 9 325 0.000385918
instancia18 128 13 608 0.00183814
instancia19 144 12 387 0.00211329
instancia20 142 12 598 0.0021423
instancia21 32 5 399 0.000123142
instancia22 56 8 358 0.000410088
