instancia1 41 4 236 0.00798
instancia2 41 4 639 0.000996
instancia3 41 5 1075 0.000997
instancia4 41 5 761 0.000996
instancia5 41 6 402 0.000999
instancia6 41 6 576 0.001994
instancia7 41 7 554 0.000999
instancia8 41 8 1149 0.000997
instancia9 41 5 1053 0.004988
instancia10 501 61 1027 0.450743
instancia11 501 61 1027 0.420125
instancia12 501 31 1027 0.201975
instancia13 128 13 601 0.017951
instancia14 143 11 354 0.043882
instancia15 143 12 553 0.017951
instancia16 32 5 397 0.000998
instancia17 57 9 325 0.001994
instancia18 128 13 608 0.014961
instancia19 144 12 387 0.019946
instancia20 142 12 598 0.017952
instancia21 32 5 399 0.000998
instancia22 56 8 358 0.002995
