instancia1 41 4 236 0.002992
instancia2 41 4 639 0.000997
instancia3 41 5 1053 0.001994
instancia4 41 5 761 0.000997
instancia5 41 6 761 0.001996
instancia6 41 6 1198 0.001994
instancia7 41 7 1149 0.001994
instancia8 41 8 554 0.001994
instancia9 41 5 1053 0.001994
instancia10 501 61 903 0.210439
instancia11 501 61 903 0.220411
instancia12 501 31 903 0.307178
instancia13 128 13 666 0.012964
instancia14 143 11 354 0.01496
instancia15 143 12 561 0.016954
instancia16 32 5 451 0.000998
instancia17 57 9 325 0.002992
instancia18 128 13 608 0.026932
instancia19 144 12 426 0.026927
instancia20 142 12 624 0.024977
instancia21 32 5 399 0.015621
instancia22 56 8 362 0
