instancia1 41 4 236 0.001994
instancia2 41 4 639 0.001993
instancia3 41 5 1075 0.001996
instancia4 41 5 761 0.001994
instancia5 41 6 402 0.001995
instancia6 41 6 576 0.002992
instancia7 41 7 554 0.002993
instancia8 41 8 554 0.002991
instancia9 41 5 1053 0.001997
instancia10 501 61 1027 0.186205
instancia11 501 61 1027 0.461128
instancia12 501 31 1027 0.349266
instancia13 128 13 666 0.013964
instancia14 143 11 354 0.013961
instancia15 143 12 561 0.013961
instancia16 32 5 397 0.000997
instancia17 57 9 325 0.004986
instancia18 128 13 608 0.012966
instancia19 144 12 387 0.01895
instancia20 142 12 624 0.016953
instancia21 32 5 399 0.000997
instancia22 56 8 358 0.004986
